0
16
16
42
44
54
56
46
44
18
16
-18
-20
-46
-50
-60
-60
-50
-48
-22
-20
12
14
42
44
54
56
46
44
18
16
-18
-20
-46
-50
-60
-60
-50
-48
-22
-20
12
14
42
44
54
56
46
44
18
16
-18
-20
-46
-50
-60
-60
-50
-48
-22
-20
12
14
42
44
54
56
46
44
18
16
-18
-20
-46
-50
-60
-60
-50
-48
-22
-20
12
14
42
44
54
56
46
44
18
16
-18
-20
-46
-48
-58
-60
-50
-50
-24
-22
10
14
42
44
54
56
46
44
18
16
-18
-20
-46
-50
-60
-60
-50
-50
-24
-20
12
14
42
44
54
56
46
44
18
16
-18
-20
-46
-48
-58
-60
-50
-50
-24
-20
12
14
42
44
54
56
46
44
18
16
-18
-20
-46
-50
-60
-60
-50
-48
-22
-20
12
14
42
44
54
56
46
44
18
16
-18
-20
-46
-48
-58
-60
-50
-48
-22
-20
12
14
42
44
54
56
46
44
18
16
-18
-20
-46
-48
-58
-60
-50
-48
-22
-22
