0
16
16
42
44
54
56
46
44
18
16
-18
-20
-46
-48
-58
-60
-50
-48
-22
-20
14
16
42
44
54
56
46
44
18
16
-18
-20
-46
-48
-58
-60
-50
-48
-22
-20
14
16
42
44
54
56
46
44
18
16
-18
-20
-46
-48
-58
-60
-50
-48
-22
-20
14
16
42
44
54
56
46
44
18
16
-18
-20
-46
-48
-58
-60
-50
-48
-22
-20
14
16
42
44
54
56
46
44
18
16
-18
-20
-46
-48
-58
-60
-50
-48
-22
-20
14
16
42
44
54
56
46
44
18
16
-18
-20
-46
-48
-58
-60
-50
-48
-22
-20
14
16
42
44
54
56
46
44
18
16
-18
-20
-46
-48
-58
-60
-50
-48
-22
-20
14
16
42
44
54
56
46
44
18
16
-18
-20
-46
-48
-58
-60
-50
-48
-22
-20
14
16
42
44
54
56
46
44
18
16
-18
-20
-46
-48
-58
-60
-50
-48
-22
-20
14
16
42
44
54
56
46
44
18
16
-18
-20
-46
-48
-58
-60
-50
-48
-22
-20
